
strategic_region={
	id=2
	name="STRATEGICREGION_2"
	provinces={
		6018 6037 6131 6202 6259 6260 6301 6331 6381 6445 6492 6566 6567 6628 6670 6704 6705 6726 6727 6765 6798 6858 6876 6877 6897 6917 6918 6973 7010 7026 7047 7048 7084 7085 7118 7119 7165 7179 7180 7181 7219 7220 7239 7286 7319 7396 7397 7428 7460 7476 7500 7501 7502 7503 7504 7505 7506 7520 7521 7522 7523 7539 7565 7566 7567 7605 7606 7607 7608 7631 7632 7633 7646 7647 7666 7679 7703 7704 7705 7706 7707 7735 7736 7737 7738 7750 7751 7752 7764 7777 7790 7791 7792 7809 7810 7811 7824 7825 7826 7827 7828 7845 7846 7847 7862 7863 7864 7865 7879 7880 7881 7882 7883 7897 7898 7899 7900 7930 7931 7932 7954 7955 7956 7957 7958 7975 7976 7990 8008 8009 8010 8029 8030 8031 8032 8051 8052 8061 8062 8063 8064 8065 8066 8067 8103 8104 8116 8117 8118 8132 8133 8134 8135 8150 8151 8152 8168 8169 8170 8188 8189 8190 8191 8208 8232 8233 8234 8235 8236 8237 8251 8252 8268 8269 8270 8286 8287 8300 8301 8321 8322 8323 8344 8366 8384 8385 8402 8403 8404 8405 8406 8422 8423 8424 8440 8441 8453 8478 8479 8480 8501 8502 8517 8518 8519 8520 8521 8541 8565 8566 8567 8568 8569 8582 8583 8601 8602 8622 8642 8658 8681 8682 8722 8723 8724 8735 8736 8737 8738 8776 8794 8795 8809 8833 8834 8850 8867 8877 8895 8923 8924 8987 9002 9051 
	}
	weather={
	}
}
