
strategic_region={
	id=10
	name="STRATEGICREGION_10"
	provinces={
		8604 8659 8764 8778 8797 8798 8799 8878 8896 8946 8964 8965 8990 9005 9034 9035 9053 9119 9120 9121 9139 9140 9174 9175 9192 9207 9262 9263 9278 9311 9312 9335 9360 9361 9362 9384 9402 9403 9404 9414 9444 9469 9487 9495 9496 9522 9523 9549 9550 9563 9564 9578 9579 9580 9594 9612 9628 9644 9645 9673 9693 9707 9708 9719 9720 9747 9748 9763 9778 9779 9794 9795 9796 9810 9819 9820 9833 9858 9875 9876 9909 9910 9925 9936 9937 9938 9945 9946 9969 9978 9979 9997 9998 9999 10000 10015 10016 10029 10040 10051 10065 10080 10098 10118 10126 10127 10128 10143 10160 10167 10180 10181 10191 10192 10206 10220 10248 10257 10275 10276 10292 10293 10308 10309 10322 10342 10356 10357 10391 10392 10393 10394 10405 10406 10416 10428 10438 10458 10459 10476 10501 10517 10535 10536 10547 10559 10560 10576 10596 10597 10611 10612 10613 10661 10662 10663 10669 10703 10704 10715 10735 10753 10754 10763 10781 10782 10783 10784 10785 10800 10835 10836 10837 10838 10870 10890 10907 10908 10924 10926 10927 10958 10959 10973 10984 10995 11033 11079 11087 11103 11137 11138 11139 11168 11228 11252 11270 11337 11347 11486 
	}
	weather={
	}
}
