
strategic_region={
	id=101
	name="STRATEGICREGION_101"
	provinces={
		883 893 921 926 930 937 943 947 956 961 963 964 967 977 978 979 980 983 984 990 993 996 1002 1003 1005 1006 1009 1010 1012 1013 1015 1018 1019 1026 1027 1029 1030 1031 1037 1042 1043 1049 1050 1053 1054 1058 1062 1064 1065 1068 1069 1070 1075 1076 1077 1080 1083 1094 1097 1103 1104 1109 1110 1120 1121 1122 1126 1127 1131 1138 1139 1143 1155 1157 1158 1172 1175 1179 1194 1198 1199 1204 1205 1214 1248 1256 1267 1281 1299 1307 1308 1312 1347 
	}
	weather={
	}
}
