strategic_region={
	id=160
	name="STRATEGICREGION_160"
	provinces={
		6164 7475 7749 7807 7895 7929 8025 8060 9017 9261 9275 9575 9576 9592 9593 9641 9734 10157 10178 10218 10306 10592 10731 10799 10852 10993 11102 11167 11193 11296 11343 11547 11548 11655 12063 12220 12263 12327 12341 12363 12510 12511 12556 12640 12684 12847 12942 12978 13097 13275 13498 13509 13668 13677 13713 13753 13806 13845 13995 14025 14066 14218 14254 14263 14336 14367 14372 14383 14442 14451 14520 14544 14603 14624 14668 14684 14700 14715 14748 14778 14813 14824 14833 
	}
	naval_terrain=water_deep_ocean
	weather={
	}
}
