
strategic_region={
	id=19
	name="STRATEGICREGION_19"
	provinces={
		10925 11008 11052 11078 11119 11135 11136 11169 11181 11227 11229 11235 11236 11237 11238 11287 11297 11298 11316 11334 11335 11336 11346 11376 11394 11408 11409 11410 11452 11453 11469 11470 11484 11485 11487 11496 11512 11521 11522 11538 11539 11550 11587 11588 11589 11601 11616 11623 11624 11625 11626 11669 11670 11687 11708 11709 11721 11729 11730 11760 11778 11779 11794 11817 11818 11819 11832 11846 11847 11857 11858 11859 11876 11899 11928 11946 11973 11974 11994 12003 12004 12018 12050 12051 12065 12080 12121 12131 12173 12189 12190 12207 12223 12240 12241 12266 12293 12344 12345 12364 12365 12366 12379 12385 12386 12403 12415 12475 12488 12503 12516 12524 12525 12545 12572 12573 12586 12601 12602 12643 12656 12657 12674 12694 12695 12705 12714 12725 12726 12739 12755 12766 12775 12776 12806 12807 12808 12818 12832 12862 12871 12883 12915 12916 12917 12955 12979 12980 12995 13008 13025 13077 13090 13091 13123 13153 13185 13186 13199 13200 13217 13229 13230 13257 13305 13306 13307 13318 13343 13370 13383 13384 13400 13425 13447 13459 13485 13543 13602 
	}
	weather={
	}
}
