
strategic_region={
	id=23
	name="STRATEGICREGION_23"
	provinces={
		10740 10815 10894 10998 11107 11108 11120 11184 11197 11230 11257 11351 11352 11380 11419 11433 11434 11474 11475 11489 11514 11515 11526 11554 11555 11603 11604 11629 11649 11659 11672 11673 11674 11690 11723 11763 11764 11765 11766 11767 11783 11806 11834 11835 11836 11849 11850 11861 11862 11893 11894 11904 11916 11917 11932 11949 11962 11963 11977 11995 12009 12010 12011 12012 12022 12023 12024 12025 12066 12094 12095 12110 12111 12135 12136 12137 12138 12145 12146 12160 12176 12177 12178 12179 12194 12211 12243 12254 12272 12281 12294 12295 12296 12297 12308 12352 12353 12354 12369 12370 12380 12405 12419 12420 12441 12442 12443 12463 12476 12477 12489 12518 12526 12527 12536 12537 12548 12564 12589 12590 12619 12620 12621 12649 12662 12663 12664 12677 12678 12687 12688 12689 12708 12716 12717 12729 12759 12760 12791 12793 12794 12795 12821 12838 12850 12863 12874 12901 12902 12923 13040 13056 13081 13165 13205 
	}
	weather={
	}
}
