
strategic_region={
	id=25
	name="STRATEGICREGION_25"
	provinces={
		3816 3827 3847 3881 3882 3883 3892 3893 3901 3902 3903 3917 3927 3928 3939 3949 3950 3951 3952 3964 3965 3979 3980 3984 3985 3986 3998 3999 4021 4022 4031 4032 4033 4040 4053 4054 4055 4072 4073 4074 4075 4076 4118 4119 4120 4121 4122 4135 4136 4145 4146 4147 4159 4160 4161 4172 4181 4182 4197 4213 4229 4230 4231 4237 4238 4239 4251 4252 4270 4271 4287 4288 4316 4317 4327 4328 4329 4344 4362 4363 4364 4379 4380 4394 4395 4396 4397 4414 4415 4416 4430 4444 4461 4478 4479 4495 4507 4508 4509 4510 4511 4530 4531 4532 4542 4543 4559 4560 4561 4581 4582 4597 4614 4615 4629 4630 4631 4641 4642 4658 4676 4677 4699 4700 4710 4711 4712 4713 4714 4732 4733 4734 4755 4756 4771 4772 4773 4781 4782 4799 4817 4833 4834 4835 4836 4852 4853 4863 4864 4880 4881 4882 4903 4924 4925 4926 4927 4938 4939 4958 4959 4960 4961 4962 4979 4992 5004 5005 5006 5042 5043 5044 5061 5070 5071 5072 5093 5094 5095 5096 5097 5111 5112 5127 5145 5146 5147 5167 5180 5181 5205 5206 5223 5224 5243 5244 5245 5246 5247 5265 5266 5267 5268 5280 5281 5296 5309 5310 5344 5345 5346 5347 5348 5366 5367 5368 5382 5407 5408 5426 5427 5428 5445 5446 5447 5464 5484 5485 5501 5502 5523 5524 5543 5544 5545 5560 5574 5588 5602 5616 5617 5618 5619 5620 5642 5661 5662 5663 5664 5683 5684 5685 5686 5717 5718 5734 5752 5768 5787 5788 5789 5809 5828 5829 5848 5858 5874 5896 5910 5924 5925 5945 5946 5981 5982 5983 5998 5999 6023 6056 6095 6096 6097 6112 6142 6170 6194 6232 6306 6307 12429 12429 
	}
	weather={
	}
}
