
strategic_region={
	id=27
	name="STRATEGICREGION_27"
	provinces={
		9178 9210 9229 9265 9266 9279 9280 9314 9338 9339 9350 9364 9365 9388 9405 9416 9417 9418 9431 9432 9458 9459 9472 9473 9474 9489 9490 9524 9525 9537 9538 9552 9565 9566 9567 9583 9584 9613 9614 9630 9646 9647 9659 9660 9674 9680 9681 9682 9709 9710 9723 9724 9749 9764 9765 9766 9767 9768 9797 9798 9812 9813 9822 9823 9824 9835 9836 9837 9849 9860 9861 9879 9880 9881 9893 9926 9927 9947 9948 9958 9959 9970 9983 9984 9985 9986 10001 10002 10003 10017 10030 10031 10041 10053 10068 10082 10083 10084 10085 10100 10101 10102 10103 10130 10131 10144 10145 10146 10168 10169 10182 10183 10184 10185 10194 10195 10208 10221 10222 10235 10249 10250 10258 10259 10260 10277 10278 10279 10294 10295 10296 10310 10311 10323 10332 10343 10344 10345 10358 10375 10376 10377 10378 10396 10397 10407 10418 10419 10420 10430 10431 10432 10440 10441 10442 10443 10460 10461 10478 10489 10490 10503 10504 10505 10506 10521 10522 10523 10537 10538 10549 10550 10551 10562 10563 10564 10577 10578 10579 10580 10599 10600 10601 10602 10614 10615 10616 10617 10623 10624 10625 10632 10633 10634 10635 10636 10664 10670 10689 10690 10691 10692 10693 10694 10695 10706 10716 10717 10737 10738 10739 10741 10755 10756 10764 10765 10766 10767 10768 10786 10787 10788 10789 10790 10810 10811 10812 10813 10814 10821 10822 10823 10824 10839 10840 10841 10842 10856 10857 10871 10872 10873 10874 10875 10876 10891 10892 10893 10895 10909 10910 10928 10929 10930 10949 10950 10960 10961 10962 10963 10974 10975 10976 10977 10985 10986 10987 10996 10997 11009 11010 11018 11019 11020 11021 11022 11034 11035 11036 11037 11038 11039 11053 11054 11055 11056 11064 11080 11088 11089 11104 11105 11106 11140 11141 11152 11155 11156 11157 11158 11170 11171 11172 11182 11183 11195 11208 11220 11221 11222 11239 11242 11243 11253 11255 11256 11271 11272 11273 11274 11288 11320 11349 11350 11362 11363 11379 11381 11396 11397 11457 11472 11499 11525 11575 
	}
	weather={
	}
}
