
strategic_region={
	id=4
	name="STRATEGICREGION_4"
	provinces={
		3963 3997 4005 4030 4070 4071 4132 4157 4158 4168 4169 4170 4194 4195 4226 4227 4250 4282 4283 4284 4300 4313 4325 4326 4340 4341 4342 4376 4377 4412 4428 4443 4458 4474 4475 4492 4493 4506 4527 4528 4529 4557 4580 4593 4613 4626 4627 4639 4640 4657 4695 4729 4751 4769 4815 4816 4828 4858 4859 4860 4877 4899 4921 4922 4975 4976 4985 4986 5036 5037 5038 5039 5040 5089 5090 5091 5124 5125 5140 5141 5142 5162 5178 5179 5216 5217 5238 5261 5262 5279 5305 5306 5337 5338 5339 5404 5419 5420 5421 5460 5479 5492 5555 5556 5571 5611 5636 5728 5746 5766 
	}
	weather={
	}
}
