
strategic_region={
	id=42
	name="STRATEGICREGION_42"
	provinces={
		7640 7785 7786 7799 7854 7868 7869 7870 7888 7921 7922 7942 7970 7981 8016 8017 8040 8041 8057 8075 8076 8088 8089 8090 8091 8108 8124 8143 8176 8214 8262 8275 8294 8295 8309 8310 8311 8312 8313 8371 8413 8414 8433 8460 8461 8462 8508 8530 8553 8554 8555 8575 8576 8593 8594 8627 8667 8668 8669 8670 8687 8711 8750 8751 8770 8782 8783 8784 8785 8813 8814 8815 8816 8817 8856 8857 8873 8884 8885 8898 8900 8937 8938 8939 8940 8950 8951 8952 8953 8973 8974 8975 8977 8978 8993 8994 9040 9062 9063 9064 9079 9080 9081 9082 9106 9107 9126 9127 9128 9129 9145 9156 9157 9166 9167 9168 9181 9182 9198 9199 9211 9212 9231 9232 9267 9268 9283 9284 9285 9298 9299 9300 9317 9318 9319 9320 9321 9341 9352 9367 9368 9369 9393 9394 9395 9407 9408 9421 9434 9447 9448 9462 9476 9477 9478 9492 9500 9501 9502 9514 9515 9542 9543 9568 9569 9586 9587 9600 9650 9662 9663 9664 9676 9684 9685 9699 9700 9713 9737 9752 9753 9783 9801 9815 9816 9851 9882 9895 9896 9915 9916 9917 9940 9941 9950 9951 9960 10005 10018 10042 10055 10057 10106 10107 10135 10170 10199 10211 10251 10252 10334 10335 10349 10408 10508 10509 10527 10618 
	}
	weather={
	}
}
