
strategic_region={
	id=43
	name="STRATEGICREGION_43"
	provinces={
		9449 9651 9686 9736 9738 9754 9770 9784 9825 9841 9842 9862 9883 9897 9918 9942 9952 9961 9962 9988 9989 10004 10006 10034 10043 10044 10045 10056 10058 10069 10087 10108 10109 10136 10137 10148 10149 10161 10171 10172 10186 10200 10224 10237 10238 10262 10263 10282 10283 10284 10285 10286 10297 10298 10299 10313 10314 10336 10337 10350 10351 10361 10362 10363 10398 10399 10409 10410 10411 10422 10445 10446 10462 10479 10480 10481 10491 10492 10493 10494 10510 10528 10529 10540 10541 10553 10554 10555 10565 10566 10567 10581 10582 10583 10619 10626 10638 10639 10652 10653 10665 10673 10696 10697 10708 10709 10724 10742 10743 10744 10745 10759 10770 10771 10772 10773 10774 10793 10802 10817 10827 10828 10843 10844 10859 10860 10879 10880 10896 10897 10898 10912 10913 10935 10936 10938 10951 10980 10981 10988 11000 11001 11002 11003 11012 11013 11014 11027 11028 11041 11042 11058 11066 11067 11068 11081 11109 11110 11124 11146 11147 11148 11149 11160 11161 11185 11213 11245 11246 11247 11260 11261 11262 11278 11279 11307 11324 11385 11386 11424 
	}
	weather={
	}
}
