
strategic_region={
	id=44
	name="STRATEGICREGION_44"
	provinces={
		10198 10236 10347 10348 10360 10525 10526 10539 10552 10637 10651 10671 10672 10707 10718 10719 10720 10721 10722 10723 10757 10758 10769 10791 10792 10816 10825 10826 10858 10877 10878 10911 10931 10932 10933 10934 10978 10979 10999 11011 11023 11024 11025 11026 11040 11057 11065 11091 11121 11122 11123 11142 11143 11144 11145 11159 11173 11198 11199 11209 11210 11211 11212 11223 11231 11232 11244 11258 11259 11275 11276 11277 11289 11305 11306 11321 11322 11323 11340 11341 11353 11354 11364 11382 11383 11384 11413 11414 11420 11421 11422 11423 11435 11436 11437 11438 11439 11440 11441 11442 11458 11459 11460 11461 11476 11477 11490 11501 11502 11516 11527 11528 11529 11530 11556 11557 11558 11559 11560 11576 11577 11578 11579 11580 11591 11592 11593 11605 11606 11607 11618 11619 11630 11631 11632 11633 11650 11660 11675 11676 11677 11678 11691 11692 11693 11694 11710 11711 11712 11724 11725 11726 11733 11734 11735 11736 11749 11750 11751 11752 11753 11768 11769 11770 11771 11784 11796 11797 11798 11799 11805 11807 11808 11809 11822 11823 11824 11825 11826 11827 11837 11838 11851 11852 11853 11854 11863 11881 11882 11883 11884 11895 11896 11897 11903 11905 11906 11918 11919 11920 11921 11922 11923 11933 11934 11935 11936 11964 11965 11978 11979 11980 11981 11996 11997 11998 11999 12000 12013 12014 12015 12026 12027 12039 12040 12054 12067 12068 12069 12081 12082 12083 12096 12097 12098 12099 12112 12113 12125 12126 12127 12139 12147 12148 12149 12161 12162 12163 12164 12180 12181 12182 12195 12196 12197 12198 12199 12212 12213 12224 12225 12244 12255 12256 12273 12274 12275 12282 12298 12299 12309 12310 12311 12312 12321 12322 12332 12333 12355 12356 12371 12372 12373 12374 12381 12388 12389 12390 12428 12430 12431 12432 12433 12444 12464 12465 12466 12478 12479 12480 12490 12491 12492 12493 12506 12519 12528 12538 12539 12549 12550 12577 12578 12579 12580 12591 12603 12612 12613 12696 12697 12709 12710 12718 12719 12730 12744 12768 12796 12797 12813 12822 12839 12852 12852 12853 12875 12875 12876 12904 12905 12905 12906 12934 12947 12962 12962 12963 12963 12973 12973 12983 12984 13029 13042 13042 13043 13043 13057 13057 13069 13069 13070 13070 13085 13085 13093 13093 13094 13094 13098 13098 13109 13109 13110 13110 13146 13146 13147 13147 13168 13168 13169 13169 13179 13179 13223 13223 13224 13224 13236 13236 13237 13237 13245 13245 13246 13246 13259 13259 13282 13282 13283 13283 13333 13333 13362 13362 13363 13363 13391 13391 13392 13392 13464 13464 13475 13475 
	}
	weather={
	}
}
