
strategic_region={
	id=45
	name="STRATEGICREGION_45"
	provinces={
		8774 9286 12837 12903 12933 12961 12982 13028 13041 13068 13082 13083 13084 13145 13166 13167 13178 13191 13192 13193 13204 13206 13207 13234 13235 13278 13279 13280 13281 13297 13298 13299 13300 13320 13329 13330 13331 13332 13346 13347 13348 13358 13359 13360 13361 13386 13387 13388 13389 13390 13395 13396 13402 13403 13404 13405 13439 13440 13441 13442 13449 13450 13451 13452 13453 13454 13461 13462 13463 13472 13473 13474 13476 13489 13490 13491 13499 13500 13514 13523 13524 13525 13551 13552 13553 13554 13561 13562 13563 13564 13571 13578 13579 13580 13581 13582 13591 13592 13593 13604 13605 13606 13615 13628 13629 13630 13638 13639 13640 13651 13652 13659 13660 13661 13662 13663 13669 13670 13671 13681 13682 13693 13694 13701 13702 13703 13704 13705 13706 13721 13722 13723 13724 13725 13732 13739 13744 13745 13755 13756 13757 13764 13765 13766 13767 13768 13769 13770 13775 13776 13787 13788 13789 13798 13799 13800 13801 13810 13811 13822 13823 13830 13831 13832 13833 13837 13838 13851 13852 13853 13854 13855 13861 13862 13863 13864 13865 13866 13867 13874 13875 13876 13877 13878 13887 13888 13889 13898 13904 13905 13906 13913 13921 13922 13923 13924 13928 13929 13930 13937 13943 13944 13958 13959 13960 13961 13962 13965 13966 13967 13974 13980 13986 13987 13988 13997 13998 13999 14008 14009 14019 14020 14021 14022 14027 14028 14029 14033 14039 14043 14044 14045 14055 14056 14057 14062 14070 14071 14077 14078 14079 14080 14085 14086 14087 14092 14101 14102 14103 14109 14110 14118 14120 14130 14131 14132 14144 14145 14146 14147 14152 14155 14156 14157 14161 14162 14172 14173 14178 14184 14185 14191 14192 14208 14209 14210 14214 14215 14219 14220 14230 14234 14235 14241 14242 14243 14244 14248 14255 14266 14273 14278 14285 14293 14297 14302 14303 14307 14316 14325 14330 14331 14343 14350 14353 14354 14355 14373 14386 14387 14410 14413 14426 14430 14434 14443 14464 14478 14504 14512 14514 14521 14522 14547 14554 14556 14569 14594 
	}
	weather={
	}
}
