
strategic_region={
	id=47
	name="STRATEGICREGION_47"
	provinces={
		14245 14269 14291 14310 14322 14329 14338 14356 14374 14388 14405 14411 14417 14418 14420 14422 14431 14433 14435 14444 14445 14456 14459 14466 14467 14468 14472 14479 14487 14488 14490 14495 14496 14509 14511 14513 14515 14516 14518 14524 14525 14526 14527 14538 14540 14546 14548 14549 14557 14561 14562 14563 14564 14567 14570 14571 14572 14573 14575 14576 14580 14583 14584 14586 14587 14590 14591 14592 14593 14595 14599 14605 14606 14608 14609 14610 14611 14613 14614 14615 14619 14620 14622 14623 14625 14626 14627 14628 14629 14630 14631 14632 14638 14639 14645 14646 14652 14659 14661 14666 14669 14670 14671 14675 14676 14677 14680 14681 14682 14687 14689 14690 14691 14692 14694 14695 14696 14701 14702 14703 14704 14706 14709 14710 14711 14716 14718 14722 14723 14724 14725 14726 14728 14732 14733 14738 14741 14742 14745 14746 14749 14750 14753 14759 14763 14768 14769 14770 14772 14776 14781 14782 14793 14794 14795 14796 14797 14798 14799 14800 14801 14804 14806 14808 14809 14814 14818 14819 14820 14825 14826 14831 14834 14835 14844 14847 14848 14849 14856 14857 14859 14860 14865 14866 14870 14872 14873 14875 14878 14879 14881 14883 14891 14893 14894 14899 14905 14906 
	}
	weather={
	}
}
