
strategic_region={
	id=49
	name="STRATEGICREGION_49"
	provinces={
		9739 13420 13444 13455 13480 13492 13583 13616 13617 13641 13642 13654 13695 13696 13734 13740 13746 13747 13748 13771 13790 13802 13803 13812 13824 13825 13839 13856 13868 13869 13880 13890 13892 13907 13908 13914 13931 13932 13945 13968 13975 13981 13982 14000 14001 14003 14004 14010 14023 14034 14046 14047 14048 14058 14063 14072 14093 14104 14111 14121 14127 14137 14148 14149 14154 14158 14163 14164 14165 14166 14179 14186 14193 14195 14196 14204 14205 14211 14216 14231 14236 14237 14249 14250 14256 14257 14267 14268 14274 14279 14280 14286 14287 14288 14289 14290 14294 14295 14304 14305 14308 14317 14323 14324 14326 14327 14332 14344 14345 14346 14347 14348 14357 14358 14361 14362 14368 14369 14375 14376 14378 14393 14394 14395 14401 14402 14406 14414 14415 14416 14421 14432 14436 14452 14453 14457 14458 14465 14484 14485 14489 14497 14500 14501 14505 14506 14517 14539 14550 14558 14574 
	}
	weather={
	}
}
