
strategic_region={
	id=64
	name="STRATEGICREGION_64"
	provinces={
		9845 9902 9933 9934 10047 10074 10092 10093 10094 10113 10114 10155 10163 10176 10228 10229 10240 10254 10267 10304 10340 10369 10370 10403 10425 10434 10470 10471 10472 10487 10531 10544 10557 10587 10622 10642 10643 10657 10658 10681 10777 10778 10796 10797 10808 10819 10831 10884 10885 10886 10887 10918 10919 10953 11016 11072 11073 11082 11129 11130 11165 11166 11177 11192 11205 11234 11264 11294 11313 11342 11403 11466 11479 11545 11568 11584 11585 11613 11621 11653 11718 11828 11969 12044 
	}
	weather={
	}
}
