
strategic_region={
	id=72
	name="STRATEGICREGION_72"
	provinces={
		5727 5762 6016 6069 6162 6327 6328 6329 6351 6352 6353 6426 6523 6542 6562 6608 6609 6723 6763 6764 6895 6914 6915 6916 6951 6952 7006 7025 7082 7163 7177 7202 7255 7283 7378 7391 7392 7393 7497 7587 7588 7625 7626 7662 7663 7700 7701 7702 7746 7860 7951 7974 7986 8004 8005 8047 8048 8049 8166 8167 8183 8184 8206 8207 8225 8226 8250 8318 8341 8361 8450 8476 8499 8562 8563 8621 8640 8641 8678 8698 8699 8700 8719 8720 8721 8731 8807 8830 8890 8891 8902 8919 8920 8961 8983 8984 9015 9027 9047 9134 9150 9188 9203 9221 9241 9242 9243 9244 9288 9289 9290 9306 9380 9440 9483 9484 9518 9519 9572 9607 9608 9637 9653 9671 9703 9716 9731 9740 9775 9790 9804 9856 9867 9921 9922 9931 9932 9964 9965 9976 10023 10073 10122 10123 10154 10203 10215 10227 10239 10402 10469 10499 10530 10621 10666 10680 10883 10943 
	}
	weather={
	}
}
