
strategic_region={
	id=80
	name="STRATEGICREGION_80"
	provinces={
		3013 3016 3022 3028 3029 3033 3044 3048 3050 3058 3062 3063 3068 3069 3070 3072 3073 3077 3078 3079 3084 3085 3086 3090 3091 3095 3099 3100 3108 3109 3110 3111 3119 3121 3122 3123 3127 3130 3131 3132 3133 3136 3137 3143 3144 3145 3148 3151 3152 3154 3157 3159 3160 3166 3167 3170 3171 3173 3176 3177 3181 3182 3183 3184 3189 3190 3192 3193 3194 3199 3204 3205 3206 3210 3211 3214 3215 3216 3219 3225 3226 3232 3233 3238 3245 3246 3247 3253 3254 3255 3256 3260 3261 3266 3270 3276 3279 3280 3281 3287 3295 3296 3298 3299 3300 3301 3310 3313 3314 3318 3325 3334 3335 3336 3337 3347 3348 3355 3356 3357 3363 3372 3373 3374 3379 3380 3381 3389 3395 3396 3399 3404 3405 3416 3418 3424 3429 3430 3431 3438 3439 3440 3443 3444 3445 3451 3452 3478 3483 3489 3490 3500 3502 3503 3506 3507 3510 3517 3518 3525 3533 3534 3538 3548 3556 3571 3571 3575 3576 3578 3583 3584 3585 3586 3587 3593 3601 3608 3616 3617 3623 3639 3640 3644 3646 3647 3651 3652 3653 3660 3677 3678 3685 3691 3692 3697 3698 3699 3700 3711 3737 3749 3752 3753 3754 3759 3764 3765 3777 3778 3791 3793 3798 3802 3810 3811 3819 3824 3835 3843 3844 3854 3869 3876 3907 3914 3922 3923 3976 3977 3981 3991 4026 4062 4064 4083 4153 4192 4207 
	}
	weather={
	}
}
