
strategic_region={
	id=83
	name="STRATEGICREGION_83"
	provinces={
		3234 3235 3262 3263 3282 3288 3302 3319 3320 3326 3338 3342 3349 3358 3375 3382 3383 3390 3391 3392 3393 3397 3400 3401 3406 3411 3412 3417 3419 3420 3441 3446 3447 3448 3449 3453 3454 3457 3458 3463 3464 3465 3466 3471 3472 3473 3479 3484 3485 3491 3492 3508 3511 3512 3513 3519 3520 3521 3526 3527 3528 3529 3530 3543 3544 3545 3549 3550 3551 3552 3557 3558 3566 3572 3579 3588 3589 3594 3595 3596 3602 3603 3604 3609 3614 3615 3618 3628 3629 3630 3636 3641 3642 3648 3649 3654 3655 3661 3662 3664 3665 3679 3680 3681 3686 3687 3693 3694 3695 3701 3702 3703 3708 3709 3715 3716 3717 3718 3727 3728 3738 3739 3740 3741 3742 3760 3766 3767 3769 3770 3771 3779 3780 3784 3785 3786 3789 3794 3799 3800 3803 3804 3812 3813 3820 3825 3826 3836 3837 3845 3855 3856 3857 3870 3871 3872 3877 3889 3890 3898 3899 3908 3915 3916 3924 3935 3944 3945 3946 3947 3978 3995 4002 4003 4004 4013 4014 4015 4066 4067 4068 4084 4094 4104 4105 4128 4129 4167 4178 4179 4208 4209 4210 4235 4264 4265 4281 4309 4310 4324 4338 4375 4408 4409 4471 4490 4578 4591 4705 12390 
	}
	weather={
	}
}
