
strategic_region={
	id=93
	name="STRATEGICREGION_93"
	provinces={
		317 318 319 329 330 335 341 342 343 345 349 350 353 357 358 364 368 372 373 382 388 391 396 397 398 409 410 414 415 420 421 425 428 436 437 444 459 460 476 479 482 493 504 518 522 525 526 529 536 546 547 551 563 566 572 580 585 586 587 593 606 607 612 622 626 630 636 651 653 655 656 657 658 662 676 678 679 680 681 684 685 692 698 699 700 702 703 707 709 714 715 724 732 733 734 735 743 746 752 756 766 768 770 773 778 779 789 790 792 794 807 808 810 817 823 824 828 837 
	}
	weather={
	}
}
