
strategic_region={
	id=94
	name="STRATEGICREGION_94"
	provinces={
		334 344 351 354 361 365 369 370 374 375 378 379 383 384 389 392 399 400 401 402 404 405 411 412 416 417 418 419 426 427 430 431 432 433 438 439 445 446 447 449 451 452 453 456 457 462 463 464 466 467 468 469 477 480 481 483 484 485 486 488 489 490 491 494 495 496 497 498 499 501 505 506 508 509 510 511 512 513 515 516 519 520 521 523 530 531 532 534 537 538 539 540 541 543 548 549 550 552 553 554 555 557 558 559 560 564 565 573 575 576 577 578 581 582 583 584 588 589 590 591 595 596 597 598 600 602 603 604 608 611 613 614 616 617 618 620 621 623 624 627 631 632 634 635 638 641 647 648 650 654 659 660 663 664 666 671 674 675 687 688 696 701 705 708 722 725 726 729 741 757 763 767 769 781 788 820 842 872 
	}
	weather={
	}
}
