
strategic_region={
	id=97
	name="STRATEGICREGION_97"
	provinces={
		749 750 755 762 764 775 776 786 787 797 799 800 801 802 805 813 814 818 821 822 826 827 830 831 835 836 840 841 843 845 846 848 850 851 854 856 861 862 863 865 866 868 869 870 871 874 876 877 878 879 882 884 886 892 895 898 899 901 902 904 905 906 908 909 910 911 912 917 918 919 923 924 925 927 928 929 933 934 935 936 940 941 942 945 946 950 951 954 955 959 960 966 972 973 974 975 976 982 985 986 987 989 991 992 1000 1004 1008 1014 1016 1017 1022 1023 1025 1028 1035 1036 1040 1044 1048 1061 1066 1074 1079 1082 1092 1101 1107 1108 1114 1117 1125 1129 1136 1148 1161 1162 1167 1170 1171 1174 1185 1187 1195 1202 1221 1222 1230 1231 1238 1247 1251 1252 1278 1289 1311 1319 1359 
	}
	weather={
	}
}
