
strategic_region={
	id=98
	name="STRATEGICREGION_98"
	provinces={
		1041 1052 1063 1067 1073 1093 1098 1102 1118 1119 1130 1137 1149 1150 1177 1178 1188 1196 1197 1203 1232 1254 1255 1262 1266 1279 1304 1305 1306 1320 1322 1323 1328 1331 1335 1360 1367 1368 1375 1376 1382 1383 1398 1399 1403 1404 1405 1411 1412 1422 1427 1428 1431 1432 1433 1434 1438 1448 1450 1458 1465 1466 1467 1471 1476 1481 1482 1485 1488 1493 1500 1506 1510 1511 1515 1516 1521 1526 1527 1535 1544 1545 1546 1550 1557 1558 1559 1564 1571 1572 1577 1578 1583 1594 1595 1596 1606 1607 1608 1613 1620 1622 1630 1637 1640 1641 1644 1649 1657 1658 1668 1676 1677 1678 1679 1682 1683 1684 1696 1697 1700 1701 1704 1705 1709 1718 1719 1726 1751 1752 1758 1759 1771 1777 1778 1779 1785 1786 1793 1794 1799 1810 1811 1812 1824 1825 1832 1833 1837 1838 1839 1849 1857 1858 1866 1873 1874 1881 1888 1898 1905 1906 1907 1913 1914 1921 1922 1923 1933 1940 1941 1948 1949 1991 2003 2004 2016 2020 2026 2032 2033 2055 2067 2084 
	}
	weather={
	}
}
