
strategic_region={
	id=99
	name="STRATEGICREGION_99"
	provinces={
		1589 1598 1669 1680 1685 1686 1689 1714 1715 1716 1720 1721 1722 1723 1727 1735 1736 1737 1746 1747 1753 1754 1760 1761 1766 1767 1772 1787 1788 1813 1820 1826 1827 1828 1834 1835 1840 1841 1845 1846 1859 1860 1867 1868 1875 1876 1882 1883 1884 1885 1889 1895 1915 1918 1919 1924 1929 1930 1934 1942 1943 1944 1945 1950 1951 1952 1959 1960 1968 1969 1970 1975 1983 1992 1993 1994 1995 2009 2017 2021 2027 2035 2036 2037 2046 2049 2051 2052 2056 2057 2063 2064 2068 2069 2070 2071 2072 2075 2077 2078 2085 2088 2089 2100 2106 2107 2108 2116 2117 2119 2120 2121 2122 2127 2128 2134 2135 2136 2141 2150 2156 2157 2158 2166 2169 2172 2173 2177 2181 2185 2186 2192 2196 2207 2208 2209 2212 2219 2225 2230 2231 2232 2233 2237 2239 2240 2246 2247 2251 2252 2256 2263 2264 2265 2266 2267 2270 2274 2278 2279 2292 2294 2299 2305 2306 2307 2315 2316 2332 2337 2338 2339 2347 2355 2363 2364 2383 2384 2389 2392 2400 2412 2416 2422 2433 2437 2441 2444 2446 2447 2476 2489 2490 2495 2531 2554 2620 2623 2662 2685 
	}
	weather={
	}
}
