
state={
	id=1
	name="STATE_1"

	history={
		victory_points = {
			1 1 
		}
		buildings = {
			infrastructure = 4
			industrial_complex = 1
			air_base = 1

		}

	}

	provinces={
		1 2 3 4 5 6 7 8 9 10 11 12 13 14 15 16 17 18 19 20 21 22 23 24 25 26 27 28 29 30 31 32 33 34 35 36 37 38 39 40 41 42 43 44 45 46 47 48 49 50 51 52 53 54 55 56 57 58 59 60 61 62 63 64 65 66 67 68 69 70 71 75 76 78 81 82 86 87 88 90 91 97 100 104 105 107 109 113 114 115 117 118 122 123 126 127 128 129 132 137 146 184 188 200 204 209 224 226 235 241 242 253 254 299 301 302 305 308 324 336 347 360 362 366 376 380 393 403 406 413 422 440 441 450 454 461 470 473 500 514 542 544 561 567 579 594 599 609 619 628 637 639 640 644 645 652 661 665 667 670 686 690 695 704 710 713 718 720 727 736 738 739 742 744 748 753 758 760 780 784 785 793 795 796 798 811 812 815 816 825 829 832 833 838 839 844 847 852 853 858 859 860 864 873 875 881 885 891 894 900 907 914 931 932 944 962 968 969 970 971 981 999 1001 1011 1032 1046 1059 1060 1072 1078 1081 1087 1088 1099 1111 1147 1154 1190 1191 1212 1217 1229 1244 1245 1253 1259 1260 1270 1314 1315 1355 1364 1366 1393 1394 1402 1410 1415 1419 1421 1444 1445 1463 1464 1497 1498 1504 1525 1531 1542 1554 1556 1562 1563 1588 1593 1616 1618 1619 1629 1638 1639 1643 1667 1675 1742 1744 1756 1762 1763 1765 1789 1796 1797 1798 1831 1852 1856 1864 1865 1872 1877 1886 1890 1893 1931 1936 1937 1954 1963 1965 1973 1977 1986 2005 2008 2039 2040 2042 2043 2047 2054 2073 2082 2095 2102 2105 2112 2114 2132 2139 2140 2143 2153 2162 2165 2175 2191 2205 2211 2222 2226 2229 2241 2244 2253 2271 2275 2277 2283 2284 2285 2286 2291 2293 2308 2312 2314 2318 2325 2326 2341 2343 2345 2349 2350 2353 2356 2358 2362 2370 2377 2382 2385 2388 2407 2410 2414 2417 2419 2421 2425 2429 2432 2435 2436 2443 2451 2456 2458 2461 2463 2464 2470 2471 2472 2473 2477 2478 2481 2483 2485 2493 2496 2497 2509 2514 2518 2521 2522 2534 2538 2539 2540 2544 2564 2565 2578 2595 2597 2604 2619 2621 2624 2639 2649 2663 2686 2699 2702 2706 2707 2717 2720 2729 2733 2735 2736 2737 2750 2756 2757 2758 2761 2763 2772 2775 2779 2782 2787 2793 2799 2806 2809 2811 2817 2824 2828 2834 2835 2838 2846 2853 2858 2878 2879 2881 2884 2891 2895 2913 2914 2921 2922 2926 2937 2940 2955 2960 2965 2966 2968 2983 2992 2993 2994 2995 2999 3006 3007 3011 3017 3037 3039 3040 3046 3052 3054 3064 3081 3092 3093 3096 3102 3124 3134 3138 3139 3158 3161 3164 3165 3191 3217 3227 3228 3236 3241 3264 3267 3271 3272 3274 3277 3284 3290 3291 3304 3308 3315 3330 3331 3343 3344 3345 3350 3360 3368 3376 3394 3407 3413 3421 3425 3426 3427 3442 3460 3486 3494 3495 3504 3531 3536 3539 3553 3560 3580 3581 3605 3606 3621 3624 3632 3633 3667 3682 3683 3688 3705 3706 3721 3730 3743 3744 3761 3781 3792 3805 3846 3858 3859 3880 3891 3900 3906 3909 3912 3933 3937 3938 3962 3996 4029 4044 4050 4051 4058 4082 4249 4267 4268 4295 4299 4372 4392 4393 4405 4425 4426 4427 4442 4526 4541 4652 4673 4694 4827 4876 4913 4914 4950 5002 5023 5024 5057 5080 5088 5135 5161 5172 5177 5200 5291 5359 5360 5415 5442 5477 5478 5596 5635 5745 5870 5871 5921 5934 5989 5992 5993 6045 6107 6130 6164 6188 6218 6219 6240 6282 6365 6366 6379 6402 6420 6429 6443 6444 6464 6564 6565 6627 6646 6725 6749 6762 6835 6841 7102 7196 7200 7223 7259 7336 7379 7380 7436 7458 7475 7516 7519 7552 7563 7592 7603 7621 7630 7665 7677 7678 7749 7778 7807 7842 7895 7910 7929 7989 8025 8026 8028 8033 8060 8101 8102 8131 8186 8278 8319 8320 8415 8438 8466 8477 8522 8540 8542 8570 8598 8630 8703 8796 8808 8849 8858 8904 8986 8988 9017 9018 9098 9099 9162 9190 9251 9261 9275 9308 9347 9383 9400 9427 9466 9503 9534 9562 9575 9576 9592 9593 9626 9633 9641 9687 9692 9734 9744 9762 9807 9831 9873 9923 9924 9972 10011 10037 10062 10063 10157 10178 10218 10243 10244 10269 10306 10307 10364 10380 10454 10592 10714 10731 10732 10750 10751 10799 10833 10852 10899 10906 10921 10922 10937 10948 10955 10993 11017 11048 11085 11102 11167 11193 11219 11226 11267 11290 11296 11343 11443 11444 11480 11546 11547 11548 11549 11574 11599 11655 11683 11703 11747 11756 11887 11972 12002 12033 12063 12078 12108 12168 12171 12220 12263 12304 12327 12328 12341 12363 12454 12474 12510 12511 12532 12556 12557 12570 12640 12655 12684 12753 12773 12817 12847 12899 12942 12978 13006 13007 13035 13037 13079 13089 13097 13119 13120 13121 13137 13162 13215 13216 13275 13291 13295 13393 13424 13498 13509 13518 13542 13560 13575 13655 13656 13668 13677 13689 13690 13713 13753 13754 13782 13806 13828 13845 13846 13847 13886 13925 13935 13941 13979 13995 13996 14014 14015 14025 14061 14066 14099 14117 14125 14135 14183 14203 14218 14229 14240 14254 14263 14264 14265 14272 14277 14301 14336 14337 14366 14367 14372 14383 14384 14385 14400 14409 14424 14429 14442 14451 14471 14483 14494 14499 14503 14510 14520 14537 14544 14545 14579 14603 14604 14624 14651 14668 14679 14684 14685 14699 14700 14705 14715 14719 14736 14740 14748 14778 14780 14785 14786 14788 14792 14805 14813 14824 14830 14833 14840 
	}
	manpower=322900
	buildings_max_level_factor=1.000
	state_category=town
}
