
state={
	id=465
	name="STATE_465"
	manpower = 870000
	
	state_category = rural

	history={
		owner = CHE
		buildings = {
			infrastructure = 4
		}
		add_core_of = CHE
		victory_points = {
			7317 5
		}

	}
	provinces={
		6150 6187 6258 6350 6363 6424 6425 6441 6541 6561 6591 6607 6649 6687 6747 6778 6779 6796 6815 6816 6874 6913 6931 6950 6969 6970 7044 7045 7080 7081 7101 7114 7115 7140 7162 7176 7237 7282 7306 7317 7356 7357 7377 7390 7427 7441 7459 7473 7474 7549 7562 7586 7623 7624 7644 7699 7733 7734 7762 7822 7843 7844 7878 8022 8046 8130 
	}
}
