
state={
	id=782
	name="STATE_782"
	manpower = 10000
	state_category = rural
	
	resources={
	}

	history={
		owner = BRT
		buildings = {
			infrastructure = 4
		}
		add_core_of = BRT
		victory_points = {
			8832 1
		}

	}
	provinces={
		9292 9293 9441 9509 9560 9621 9638 9639 9691 9741 9742 9776 9805 9806 9869 9903 9904 9905 9935 9996 10048 10049 10060 10115 10116 10164 10177 10190 10255 10268 10290 10305 10320 10341 10354 10384 10414 10435 10452 10512 10532 10588 10607 10608 10629 10682 10748 10760 10798 10820 10832 10888 10904 10905 10944 10945 11006 11045 11083 11131 11150 11178 11250 11404 11449 11450 11507 11519 11701 
	}
}
