
state={
	id=783
	name="STATE_783"
	manpower = 10000
	state_category = rural
	
	resources={
	}

	history={
		owner = BRT
		buildings = {
			infrastructure = 4
		}
		add_core_of = BRT
		victory_points = {
			10793 1
		}

	}
	provinces={
		7645 7789 8007 8050 8187 8230 8364 8383 8564 8734 8847 8848 8894 8903 8922 8968 9001 9116 9161 9205 9224 9346 9373 9413 9453 9486 9493 9561 9574 9591 9622 9623 9624 9625 9640 9654 9678 9717 9718 9733 9743 9761 9791 9830 9846 9847 9857 9870 9871 9872 9890 9943 9956 10010 10025 10026 10050 10061 10075 10076 10077 10078 10095 10096 10156 10216 10217 10230 10241 10242 10256 10321 10325 10371 10385 10386 10404 10426 10427 10453 10488 10513 10533 10589 10609 10610 10630 10644 10645 10712 10713 10730 10749 10849 10850 10946 10970 11030 11047 11100 11206 11251 11359 
	}
}
