
state={
	id=784
	name="STATE_784"
	manpower = 10000
	state_category = rural
	
	resources={
	}

	history={
		owner = BRT
		buildings = {
			infrastructure = 4
		}
		add_core_of = BRT
		victory_points = {
			11830 1
		}

	}
	provinces={
		10514 10515 10590 10591 10659 10761 10762 10851 10920 10947 10954 10971 11031 11074 11075 11101 11132 11151 11179 11285 11295 11303 11315 11360 11392 11451 11468 11508 11536 11570 11640 11719 11743 11744 11775 11886 11942 11943 11970 11971 12045 12046 12061 12062 12154 12262 12290 12291 12362 12397 12413 12453 12500 12544 12630 12654 12682 12683 12736 12803 12846 12970 12977 13022 13062 13103 13136 13152 13183 13274 13382 13409 13445 13508 13531 13574 13609 13647 13676 13688 13752 13795 13805 13827 13871 13885 13994 
	}
}
